ID    X    Y   brightness
1   120 60 15
2   141.167 23.5278 15
3   455.4 91.08 15
4   465.857 66.551 15
5   511.667 170.556 15
6   516.556 57.3951 15.7778
7   530.75 132.688 15
8   584.714 83.5306 18
9   605.714 86.5306 15
10   691.6 138.32 15
11   751.5 375.75 15
12   770.333 256.778 15
13   796.6 79.66 15
14   825.5 412.75 15
15   838.25 104.781 15
16   859.333 35.8056 15.2917
17   16 16 15
18   67 67 15
19   164 164 15
20   174.875 21.8594 15
21   217 217 15
22   423.333 141.111 15
23   528 528 15
24   617 617 15
25   683.667 227.889 15
26   700 700 15
27   709.333 78.8148 15.7778
28   717 717 15
29   747 747 15
30   761 380.5 15
31   802 802 15
32   822.143 58.7245 17
33   849 283 15
34   854.222 94.9136 15
35   126.5 63.25 15
36   297 297 15
37   324.5 162.25 15
38   359.333 119.778 15
39   362 362 15
40   374 374 15
41   446 111.5 15
42   472 472 15
43   488.5 244.25 15
44   548.5 274.25 15
45   593.5 296.75 15
46   597.5 149.375 15
47   635 105.833 15
48   669.667 223.222 15
49   672 672 15
50   786 262 15
51   807.75 100.969 15
52   15.5 7.75 15
53   63 15.75 15
54   204 204 15
55   353.5 176.75 15
56   484 484 15
57   524.75 131.188 15
58   563.25 140.812 15
59   574 143.5 15
60   639.4 127.88 15
61   676 676 15
62   681.455 61.9504 15
63   777.667 259.222 15
64   817 817 15
65   387.5 64.5833 15
66   566 566 15
67   622.333 69.1481 15
68   667.5 333.75 15
69   744.375 93.0469 15
70   773 773 15
71   791.8 158.36 16.4
72   843 843 15
73   75 75 15
74   274 274 15
75   452 150.667 15
76   502 502 15
77   540 135 15
78   718.5 179.625 15
79   814 203.5 15
80   831 831 15
81   30.6667 10.2222 15
82   82 82 15
83   99.5 49.75 15
84   443 443 15
85   548 548 15
86   558.2 111.64 15
87   576 576 15
88   630 630 15
89   644 322 15
90   672 672 15
91   766.333 255.444 15
92   810.5 405.25 15
93   826 826 15
94   44 44 15
95   148 148 15
96   284 94.6667 15
97   344 114.667 15
98   355.5 88.875 15
99   646 646 15
100   721.667 240.556 15
101   736.5 184.125 15
102   756.333 252.111 15
103   761 761 15
104   777 194.25 15
105   803 803 15
106   830 415 15
107   51.5 25.75 15
108   188 188 15
109   376.143 26.8673 27.1429
110   552 552 15
111   672 672 15
112   8 8 15
113   82 82 15
114   389 389 15
115   391 391 15
116   605 605 15
117   816.789 42.9889 15
118   843 281 15
119   86.6667 28.8889 17.3333
120   729 729 15
121   773 773 15
122   795 795 15
123   812 406 15
124   856 856 15
125   39 39 15
126   168 42 15
127   311 311 15
128   747.333 249.111 15
129   837.8 167.56 15
130   33 33 15
131   121 121 15
132   239.667 79.8889 15
133   303.333 101.111 15
134   521 521 15
135   600.5 300.25 15
136   776 776 15
137   778 778 15
138   787.5 393.75 15
139   823 823 15
140   825 825 15
141   830 830 15
142   847.333 141.222 15
143   36 12 15
144   84.6667 28.2222 15
145   163 163 15
146   175 175 15
147   395.667 131.889 15
148   569.667 189.889 15
149   582 582 15
150   618.667 206.222 15
151   700.5 350.25 15
152   715 715 15
153   718.167 119.694 15
154   854.615 65.7396 15.5385
155   455 151.667 15
156   522.667 174.222 15
157   793 198.25 15
158   803.571 114.796 16
159   612 612 15
160   630.5 315.25 15
161   676 96.5714 15
162   829 829 15
163   398 398 15
164   557.667 185.889 15
165   740 740 15
166   746 248.667 15
167   808 808 15
168   844 844 15
169   849.667 283.222 15
170   377.5 188.75 15
171   608 608 15
172   729.5 182.375 15
173   790 790 15
174   820 820 15
175   822.5 205.625 15
176   861.5 430.75 15
177   843.75 210.938 15
178   166.5 41.625 15
179   185.333 61.7778 15
180   231.25 57.8125 15
181   312.333 104.111 15
182   597 597 15
183   828 828 15
184   850.143 121.449 15
185   680.5 340.25 15
186   787 787 15
187   86.5 43.25 15
188   289 289 15
189   416 416 15
190   436.667 145.556 15
191   685 685 15
192   836 836 15
193   26.6667 8.88889 15
194   513 256.5 15
195   671 134.2 15
196   787 787 15
197   827 275.667 15
198   853.091 77.5537 15
199   858.8 171.76 15
200   749 249.667 15
201   736.5 184.125 15
202   79.6667 26.5556 15
203   608 304 15
204   711 711 15
205   823.667 274.556 15
206   449 449 15
207   766.143 109.449 15
208   811 405.5 15
209   861 861 15
210   626 626 15
211   774.75 193.688 15
212   827.667 275.889 15
213   844.6 168.92 15
214   847 847 15
215   6 6 15
216   181 181 15
217   472.75 118.188 18.5
218   624 624 15
219   691 691 15
220   824 824 15
221   835 139.167 15
222   851.5 141.917 15
223   861.6 172.32 15
224   326 326 15
225   446.5 111.625 15
226   578 578 15
227   708 177 15
228   388 388 15
229   735.8 147.16 15
230   465 465 15
231   469 234.5 15
232   484 242 15
233   726 726 15
234   768 768 15
235   800 800 15
236   813 813 15
237   826.857 59.0612 15
238   35 11.6667 15
239   516.333 172.111 15
240   749 749 15
241   782 782 15
242   820 205 15
243   833 833 15
244   275 275 15
245   471 471 15
246   521 521 15
247   536.333 178.778 15
248   659 659 15
249   667.667 222.556 15
250   835 835 15
251   857 857 15
252   140 28 15
253   417 417 15
254   729 729 15
255   797.5 398.75 15
256   22.5 11.25 15
257   175 175 15
258   559 559 15
259   683 170.75 15
260   688 688 15
261   724.5 362.25 15
262   759.5 379.75 15
263   831.5 415.75 15
264   843 421.5 15
265   851 851 15
266   215 43 15
267   656 656 15
268   694.4 138.88 15
269   764.2 152.84 15
270   806 806 15
271   857.25 107.156 15
272   10.5 5.25 15
273   372 372 15
274   705 705 15
275   756 756 15
276   782.5 391.25 15
277   797.4 159.48 15
278   381 381 15
279   553.333 184.444 15
280   565.333 188.444 15
281   807 807 15
282   826.5 413.25 15
283   606.5 303.25 15
284   664 664 15
285   697 697 15
286   473 94.6 15
287   827.75 206.938 15
288   840 840 15
289   848.167 141.361 15
290   10 10 15
291   745 745 15
292   781.5 195.375 15
293   822 822 15
294   858.222 47.679 15
295   504.125 31.5078 38.4375
296   586 586 15
297   632.333 210.778 15
298   654 654 15
299   835.5 417.75 15
300   28.3333 9.44444 15
301   148 13.4545 28.1818
302   820.2 164.04 15
303   629.667 209.889 15
304   642 160.5 15
305   847.583 70.6319 17.9167
306   473.5 118.375 15
307   683 683 15
308   816 816 15
309   559 559 15
310   767.333 255.778 15
311   785.667 261.889 15
312   36 36 15
313   283 283 15
314   690.6 138.12 15
315   797 797 15
316   826 826 15
317   839.25 209.812 15
318   854.5 213.625 15
319   305.5 152.75 15
320   664 664 15
321   802 802 15
322   442.8 88.56 15
323   483 483 15
324   797 797 15
325   838 838 15
326   859.5 429.75 15
327   565 565 15
328   783.75 195.938 15
329   790.5 395.25 15
330   92.6667 30.8889 17.3333
331   836.5 418.25 15
332   3.66667 1.22222 15
333   327 327 15
334   724.5 181.125 15
335   806.667 268.889 15
336   822.333 274.111 15
337   860.25 215.062 15
338   396 396 15
339   650.8 130.16 15
340   817 163.4 15
341   386 386 15
342   756 756 15
343   839 279.667 15
344   604.5 302.25 15
345   715 715 15
346   779 779 15
347   782 391 15
348   842 842 15
349   848 212 16.75
350   151 151 15
351   823 411.5 15
352   853.667 284.556 15
353   746.8 149.36 15
354   677.5 169.375 15
355   849.143 121.306 15
356   810.75 202.688 15
357   832 832 15
358   53 53 15
359   164.667 54.8889 15
360   492 492 15
361   504 504 15
362   521.5 260.75 15
363   626 626 15
364   803 803 15
365   826.667 275.556 15
366   858 858 15
367   436 436 15
368   454.667 151.556 15
369   710 710 15
370   793.5 198.375 15
371   134 67 15
372   862 862 15
373   546 546 15
374   847.143 121.02 15
375   160.5 80.25 15
376   352 176 15
377   621 621 15
378   721.5 180.375 15
379   728.25 182.062 15
380   861.5 215.375 15
381   602 602 15
382   734 734 15
383   168.667 56.2222 15
384   809 809 15
385   604 604 15
386   617.5 308.75 15
387   847.143 121.02 16
388   130.333 43.4444 15
389   360 360 15
390   852.5 426.25 15
391   860.25 215.062 15
392   355 355 15
393   773.5 386.75 15
394   843 843 15
395   205 205 15
396   500.75 125.188 15
397   779 779 15
398   816 816 15
399   855 213.75 15
400   98 98 15
401   311 311 15
402   446 223 15
403   652.5 326.25 15
404   736 736 15
405   794.7 79.47 15
406   827.333 275.778 15
407   418 209 15
408   730.5 365.25 15
409   770.25 192.562 15
410   786 786 15
411   788.5 394.25 15
412   762.2 152.44 15
413   814 814 15
414   829 829 15
415   843 843 15
416   322.5 161.25 15
417   676.5 338.25 15
418   848.429 121.204 15
419   253.5 126.75 15
420   805.5 402.75 15
421   614 614 15
422   761 761 15
423   51.6667 17.2222 15
424   263.667 87.8889 15
425   671.667 223.889 15
426   692 692 15
427   778.667 259.556 15
428   791.25 197.812 15
429   79 39.5 15
430   755 188.75 15
431   827 827 15
432   830.8 166.16 15
433   844.364 76.7603 19.1818
434   861 861 15
435   548.667 182.889 15
436   620.5 310.25 15
437   784.667 261.556 15
438   627.5 313.75 15
439   741 741 15
440   747.5 373.75 15
441   861 861 15
442   674.333 224.778 15
443   380 380 15
444   765 765 15
445   350 350 15
446   393 131 15
447   476 476 15
448   824 824 15
449   810.667 270.222 15
450   852.5 426.25 15
451   855 855 15
452   138 138 15
453   460 460 15
454   556 556 15
455   736 736 15
456   832.5 416.25 15
457   846.8 169.36 15
458   84.5 42.25 15
459   788 788 15
460   532.5 266.25 15
461   698.333 232.778 15
462   828 276 15
463   89.5 22.375 15
464   266 266 15
465   472.333 157.444 15
466   800.667 133.444 15
467   823.5 411.75 15
468   710 710 15
469   260 130 15
470   752.5 376.25 15
471   810 810 15
472   860 860 15
473   185 185 15
474   472 472 15
475   485 485 15
476   700 700 15
477   839 419.5 15
478   354.5 177.25 15
479   569 284.5 15
480   659 659 15
481   718 718 15
482   577 577 15
483   686.667 228.889 15
484   858.333 286.111 15
485   452.333 150.778 15
486   803 803 15
487   831.667 92.4074 15
488   852.5 426.25 15
489   696 696 15
490   532 532 15
491   540.5 135.125 15
492   730 730 15
493   772.25 96.5312 29.125
494   840 280 15
495   660 330 15
496   796.5 398.25 15
497   811 811 15
498   388 388 15
499   627 627 15
500   784.667 261.556 15
501   809 809 15
502   465 465 15
503   794 794 15
504   819 819 15
505   778 778 15
506   549.364 49.9421 44.6364
507   848.2 169.64 15
508   761.5 380.75 15
509   845 422.5 22
510   858 858 15
511   314.333 104.778 15
512   584.5 146.125 15
513   739.667 246.556 15
514   789.5 394.75 15
515   422.667 140.889 15
516   625.333 208.444 15
517   686 686 15
518   810.143 115.735 15
519   824 824 15
520   855.667 285.222 15
521   648.5 324.25 15
522   316.5 158.25 15
523   839 209.75 15
524   454 454 15
525   771 257 15
526   823.333 274.444 15
527   327.25 81.8125 15
528   556.333 185.444 15
529   846.5 423.25 15
530   231 231 15
531   159 79.5 15
532   367.5 183.75 15
533   773.8 154.76 15
534   806.5 201.625 15
535   859.5 429.75 15
536   462.5 231.25 15
537   658 658 15
538   694.333 231.444 15
539   765 765 15
540   700.333 233.444 15
541   856 428 15
542   427.25 106.812 16.75
543   824 824 15
544   850.667 283.556 15
545   648.333 216.111 15
546   719 359.5 15
547   589.25 147.312 15
548   777.25 97.1562 15
549   738 369 15
550   816 816 15
551   829.5 207.375 15
552   116.5 29.125 15
553   771 771 15
554   846.167 141.028 15
555   100.5 50.25 15
556   444.5 111.125 15
557   662.5 165.625 15
558   29.3333 9.77778 15
559   233.5 116.75 15
560   808 808 15
561   181.667 60.5556 15
562   849.5 424.75 15
563   769 769 15
564   799 799 15
565   854.667 284.889 15
566   793.667 264.556 15
567   826.5 206.625 15
568   424 424 15
569   599 149.75 15
570   768.333 85.3704 44.5556
571   706.5 353.25 15
572   721.333 240.444 15
573   743.667 247.889 15
574   757.667 252.556 15
575   835.333 278.444 15
576   788 788 15
577   855.556 47.5309 15
578   96.5 48.25 15
579   358 179 15
580   432.5 216.25 15
581   772.667 257.556 15
582   780.667 260.222 15
583   842.364 76.5785 15
584   265.333 88.4444 15
585   598 598 15
586   722 144.4 21.6
587   776 776 15
588   794 794 15
589   576.667 192.222 15
590   769 769 15
591   835.5 417.75 15
592   45 45 15
593   848 169.6 15
594   235.5 117.75 15
595   690 690 15
596   751.333 250.444 15
597   368 368 15
598   378 378 15
599   408.333 136.111 15
600   563 563 15
601   624 62.4 15
602   682 682 15
603   70.5 17.625 15
604   107 107 15
605   859 859 15
606   862 431 22
607   632.5 316.25 15
608   513 513 15
609   760 760 15
610   830.2 166.04 15
611   493 493 15
612   513 513 15
613   632 632 15
614   797 797 15
615   836.5 418.25 15
616   847.444 94.1605 15
617   1.5 0.375 15
618   799 799 15
619   855.667 285.222 15
620   707 707 15
621   736 736 15
622   754 754 15
623   809 202.25 15
624   851 283.667 15
625   646 646 15
626   797 797 15
627   831.333 277.111 15
628   775 193.75 15
629   823.333 274.444 15
630   838.5 209.625 15
631   87 21.75 19.75
632   373.167 62.1944 23.5
633   429.5 214.75 15
634   536.667 178.889 15
635   565.333 188.444 15
636   608 608 15
637   807 807 15
638   857 857 15
639   740.667 246.889 15
640   783 783 15
641   153.4 30.68 15
642   575 575 15
643   590.5 295.25 15
644   813 203.25 15
645   732.5 366.25 15
646   677 677 15
647   558 558 15
648   736.5 368.25 15
649   859.5 143.25 15
650   494 494 15
651   574.667 191.556 15
652   758.667 252.889 15
653   114 114 15
654   259 259 15
655   604 604 15
656   619.5 309.75 15
657   722 722 15
658   16.2 3.24 15
659   488 162.667 15
660   587 587 15
661   858.667 286.222 15
662   624 624 15
663   738 738 15
664   786 786 15
665   796.6 159.32 15
666   831 831 15
667   836 209 15
668   641 641 15
669   363 363 15
670   716.333 238.778 15
671   859 859 15
672   282 282 15
673   708 708 15
674   832.5 416.25 15
675   193 193 15
676   773.25 193.312 15
677   854 854 15
678   858 214.5 15
679   689.667 229.889 15
680   358 358 15
681   452 226 15
682   525.333 175.111 15
683   659 659 15
684   780.714 111.531 15
685   788 788 15
686   821 821 15
687   506 506 15
688   794.333 264.778 15
689   825 206.25 15
690   518 518 15
691   546 546 15
692   448 224 15
693   457 152.333 15
694   491 245.5 15
695   495 495 15
696   559.667 186.556 15
697   627 627 15
698   767.333 255.778 15
699   843.5 421.75 15
700   7 7 15
701   31.5 15.75 15
702   666 666 15
703   784.667 261.556 15
704   829 829 15
705   87 87 15
706   650 650 15
707   113.667 37.8889 17.3333
708   453 113.25 15
709   548 274 15
710   743.667 123.944 15
711   748 748 15
712   779.667 259.889 15
713   752 752 15
714   784 784 15
715   550.4 110.08 15
716   791 791 15
717   836.2 167.24 15
718   304.333 101.444 15
719   627.5 313.75 15
720   847 282.333 15
721   474.333 158.111 15
722   808.75 202.188 15
723   672 672 15
724   712 356 15
725   731.5 182.875 15
726   780 780 15
727   225 225 15
728   793.5 396.75 15
729   413 413 15
730   643.5 321.75 15
731   843.5 421.75 15
732   857.25 214.312 15
733   101.667 33.8889 15
734   549 549 15
735   661 661 15
736   851.111 94.5679 15
737   748 748 15
738   505 505 15
739   806 403 15
740   415.5 207.75 15
741   496 496 15
742   510.667 170.222 15
743   16.5 8.25 15
744   853.5 142.25 18.5
745   325.5 162.75 22
746   861.333 287.111 15
747   18.6667 6.22222 15
748   658 658 15
749   453.636 41.2397 33.1818
750   519.333 173.111 15
751   845.143 120.735 15
752   414 414 15
753   629.5 314.75 15
754   783 391.5 15
755   486 486 15
756   680 680 15
757   759.333 253.111 15
758   285 285 15
759   549.4 109.88 15
760   34 34 15
761   621.5 155.375 15
762   814 814 15
763   736 147.2 15
764   783 783 15
765   842.8 168.56 15
766   290 290 15
767   598.667 199.556 15
768   614.5 153.625 15
769   437 437 15
770   566 566 15
771   734 734 15
772   833 277.667 15
773   814 407 15
774   818 818 15
775   251 251 15
776   760.75 190.188 15
777   860 860 15
778   268 268 15
779   743 743 15
780   590.667 196.889 15
781   704.5 352.25 15
782   647 647 15
783   816 816 15
784   807.5 403.75 15
785   838.143 119.735 15
786   473.667 157.889 15
787   860 286.667 15
788   618 618 15
789   732 366 15
790   64 64 15
791   687.75 171.938 15
792   697 697 15
793   818.5 102.312 15.875
794   352 176 15
795   493 493 15
796   745.5 372.75 15
797   840.5 420.25 15
798   377.333 125.778 15
799   678 169.5 15
800   183.5 45.875 15
801   578.333 192.778 15
802   723.5 361.75 15
803   823 823 15
804   845 845 15
805   860.5 430.25 15
806   448 224 15
807   775 387.5 15
808   795 795 15
809   814 814 15
810   834 834 15
811   857 214.25 15
812   750 750 15
813   425 425 15
814   549 183 15
815   676.5 338.25 15
816   808.667 269.556 15
817   821.5 410.75 15
818   829.5 414.75 15
819   838.182 76.1983 15
820   860.667 286.889 15
821   131 131 15
822   395.5 197.75 15
823   787 787 15
824   796.333 265.444 15
825   522 522 15
826   527.5 131.875 26.5
827   858.857 122.694 15
828   42 14 15
829   483 483 15
830   762.667 254.222 15
831   853 853 15
832   75 18.75 15
833   141.5 70.75 22
834   281.5 140.75 15
835   765 765 15
836   810.5 405.25 15
837   61 61 15
838   466 233 22
839   651 651 15
840   745.5 372.75 15
841   800 800 15
842   731.333 243.778 15
843   833 833 15
844   12 12 15
845   781 781 15
846   795.5 397.75 15
847   817 817 15
848   290.667 96.8889 15
849   383 383 15
850   55.3333 18.4444 15
851   638.5 319.25 15
852   833.571 119.082 15
853   26 26 15
854   807 807 15
855   853.5 426.75 15
856   857 857 15
857   96 96 15
858   721.5 360.75 15
859   704 704 15
860   255.5 127.75 15
861   290 290 15
862   666 666 15
863   848.429 121.204 15
864   837.5 418.75 15
865   842.5 210.625 15
866   715 715 15
867   859.75 214.938 15
868   704 234.667 15
869   737.5 184.375 15
870   197 39.4 15
871   667.333 222.444 15
872   690.5 345.25 15
873   853.5 426.75 15
874   497.5 248.75 15
875   787 787 15
876   816 816 15
877   831 415.5 15
878   706.5 176.625 15
879   792.6 158.52 15
880   15 15 15
881   405.5 202.75 15
882   615 615 15
883   723 723 15
884   747 373.5 18.5
885   767 767 15
886   788 262.667 15
887   809 404.5 15
888   553.5 276.75 15
889   594 594 15
890   301 301 15
891   339 339 15
892   355 355 15
893   438.333 146.111 15
894   786.333 262.111 15
895   857.538 65.9645 15
896   321 321 15
897   679.5 339.75 15
898   848 212 15
899   687.5 171.875 15
900   807 807 15
901   550.5 275.25 15
902   760 760 15
903   803 803 15
904   828 828 15
905   754 377 15
906   834.429 119.204 15
907   81 81 15
908   620.5 310.25 15
909   843 843 15
910   243 243 15
911   290 290 15
912   603.5 301.75 15
913   614.5 307.25 15
914   297 297 15
915   546 546 15
916   636 318 15
917   680.75 85.0938 23.375
918   733 733 15
919   779.5 194.875 15
920   855.25 106.906 15
921   520.5 260.25 15
922   528 528 15
923   621 621 15
924   784 784 15
925   849 60.6429 15
926   374 374 15
927   826 275.333 15
928   830 830 15
929   462.667 154.222 15
930   383 383 15
931   760.5 380.25 15
932   829 829 15
933   381 381 15
934   525 525 15
935   693 693 15
936   695.5 347.75 15
937   781 260.333 15
938   712 712 15
939   819.125 51.1953 27.4375
940   573 573 15
941   386 386 15
942   706 706 15
943   807 807 15
944   622 622 15
945   852 852 15
946   858.5 214.625 15
947   33 33 15
948   547 547 15
949   410.5 205.25 15
950   551 551 15
951   639.8 127.96 15
952   827.5 206.875 15
953   849.5 424.75 15
954   172 172 15
955   809 404.5 15
956   820 410 15
957   373 373 15
958   619 619 15
959   655 655 15
960   593 593 15
961   813.8 162.76 15
962   847 847 15
963   203 203 15
964   842.833 140.472 15
965   807 201.75 15
966   861 861 15
967   440 440 15
968   708 708 15
969   405.333 135.111 15
970   770 385 15
971   9 9 15
972   565 565 15
973   841.333 280.444 15
974   326 326 15
975   704.5 352.25 15
976   777.333 259.111 15
977   790.5 197.625 15
978   531 531 15
979   682 682 15
980   688.6 137.72 15
981   717 717 15
982   726 363 15
983   857.5 428.75 15
984   376 376 15
985   766.5 383.25 15
986   791.5 395.75 15
987   852 852 15
988   56.3333 18.7778 15
989   708 708 15
990   814 814 15
991   548.5 274.25 15
992   766 766 15
993   854 854 15
994   11 11 15
995   348.4 69.68 15
996   572 286 15
997   620 620 15
998   792.333 264.111 15
999   533.5 266.75 15
1000   715 715 15
1001   818.5 204.625 15
1002   847.5 423.75 15
1003   568.667 189.556 15
1004   1 1 15
1005   77 77 15
1006   712 356 15
1007   777.667 259.222 15
1008   348.934 3.83444 25.7363
1009   565.333 188.444 15
1010   815.5 407.75 15
1011   838.5 209.625 15
1012   852 852 15
1013   858.6 171.72 15
1014   191 95.5 15
1015   533 533 15
1016   707 353.5 15
1017   766 766 15
1018   593.8 118.76 15
1019   823 823 15
1020   93.3333 31.1111 15
1021   324 81 15
1022   551.8 110.36 15
1023   605 605 15
1024   619.75 154.938 15
1025   842 842 15
1026   241 120.5 15
1027   290.333 96.7778 15
1028   806 806 15
1029   816.5 204.125 15
1030   438.5 219.25 15
1031   571 571 15
1032   746 746 15
1033   780 780 15
1034   813 813 15
1035   239 79.6667 15
1036   834.5 208.625 15
1037   841.2 168.24 15
1038   41 41 15
1039   550 550 15
1040   847.5 423.75 15
1041   4 1 15
1042   70 70 15
1043   80.5 40.25 15
1044   686.5 343.25 15
1045   505 505 15
1046   657 657 15
1047   717.5 358.75 15
1048   777 777 15
1049   790.5 395.25 15
1050   850 850 15
1051   857.333 285.778 15
1052   351 351 15
1053   672.5 336.25 15
1054   846 846 15
1055   184 184 15
1056   315.5 157.75 15
1057   687 687 15
1058   819.4 54.6267 15
1059   277 277 15
1060   701.5 350.75 15
1061   752.5 376.25 15
1062   813.333 135.556 15
1063   27.5 6.875 15
1064   447.667 149.222 15
1065   850 850 15
1066   836 836 15
1067   838 838 15
1068   857 857 15
1069   832 832 15
1070   614.833 102.472 15
1071   810 810 15
1072   832 832 15
1073   8 8 15
1074   162.5 81.25 15
1075   837.5 418.75 15
1076   844.5 105.562 15
1077   748 249.333 15
1078   225.333 75.1111 15
1079   515.5 257.75 15
1080   857.667 285.889 15
1081   854 854 15
1082   481 96.2 17.8
1083   566.667 188.889 15
1084   684 684 15
1085   776.333 129.389 35.1667
1086   860.5 430.25 15
1087   267 133.5 15
1088   448.75 112.188 15
1089   821.5 410.75 15
1090   277.059 16.2976 38.5882
1091   357.5 89.375 15
1092   834 417 15
1093   77 77 15
1094   92 92 15
1095   234.5 117.25 15
1096   825 206.25 15
1097   839 209.75 15
1098   7 7 15
1099   98.6667 32.8889 15
1100   708 708 15
1101   2 2 15
1102   554 554 15
1103   560 560 15
1104   805 805 15
1105   836 836 15
1106   853.091 77.5537 15
1107   443.667 73.9444 18.5
1108   784.333 130.722 15
1109   82.6667 27.5556 15
1110   384 192 15
1111   754 754 15
1112   779 779 15
1113   839.333 279.778 15
1114   857 857 15
1115   25.6667 8.55556 15
1116   771 154.2 15
1117   708.4 141.68 15
1118   741.667 247.222 15
1119   824.333 274.778 15
1120   16 16 15
1121   286.667 95.5556 15
1122   594 594 15
1123   798 798 15
1124   832 832 15
1125   853 170.6 15
1126   180.5 90.25 15
1127   461 461 15
1128   148.5 74.25 15
1129   280.667 93.5556 15
1130   384 384 15
1131   856 856 15
1132   409.5 204.75 15
1133   503 503 15
1134   552.333 184.111 15
1135   669 669 15
1136   677 677 15
1137   787.5 196.875 15
1138   846.5 423.25 15
1139   478 478 15
1140   857 857 15
1141   861.667 287.222 15
1142   32.6667 10.8889 15
1143   405.667 135.222 15
1144   712 712 15
1145   426 426 15
1146   818 818 15
1147   846 846 15
1148   696 696 15
1149   731.667 243.889 15
1150   844.5 422.25 15
1151   748 748 15
1152   267 133.5 15
1153   677 677 15
1154   708.5 354.25 15
1155   717.333 239.111 15
1156   724 724 15
1157   787.667 262.556 15
1158   4 4 15
1159   72 72 15
1160   507 253.5 15
1161   773 773 15
1162   822 822 15
1163   479.5 239.75 15
1164   552 552 15
1165   830.5 415.25 15
1166   841.5 210.375 15
1167   858.5 429.25 15
1168   651.667 217.222 15
1169   835.5 417.75 15
1170   142 142 15
1171   251 251 15
1172   162 81 15
1173   528.333 176.111 15
1174   550.5 275.25 15
1175   621 621 15
1176   711 711 15
1177   23 23 15
1178   777 777 15
1179   830.75 207.688 15
1180   849 212.25 15
1181   599 599 15
1182   857.5 428.75 15
1183   803.5 200.875 15
1184   525 525 15
1185   792 396 15
1186   830.5 207.625 15
1187   841 280.333 15
1188   574.333 191.444 15
1189   606 606 15
1190   851.5 141.917 15
1191   147 147 15
1192   846 846 15
1193   855 855 15
1194   737.5 368.75 15
1195   770.667 256.889 15
1196   842 210.5 15
1197   767 383.5 15
1198   186 62 17.3333
1199   389.833 64.9722 18.5
1200   437 437 15
1201   594 594 15
1202   802 401 15
1203   856 856 15
1204   70 70 15
1205   503 503 15
1206   668 668 15
1207   731.5 182.875 15
1208   849.333 141.556 15
1209   713 713 15
1210   854 854 15
1211   505 505 15
1212   842 421 15
1213   721.5 360.75 15
1214   859 859 15
1215   215 215 15
1216   496 496 15
1217   626 125.2 15
1218   769 769 15
1219   803 401.5 15
1220   814.5 407.25 15
1221   829 207.25 15
1222   851.667 283.889 15
1223   7.75 1.9375 15
1224   548 548 15
1225   641.25 160.312 15
1226   678.667 226.222 15
1227   860.3 86.03 15
1228   112 112 15
1229   783 783 15
1230   801 801 15
1231   835.333 139.222 15
1232   353.667 117.889 15
1233   841 140.167 15
1234   855 855 15
1235   745 745 15
1236   771 771 15
1237   805.333 134.222 15
1238   819 819 15
1239   851.9 85.19 15
1240   457 457 15
1241   543.333 181.111 15
1242   614.5 307.25 15
1243   748.667 249.556 15
1244   2 2 15
1245   215.286 30.7551 16
1246   261 261 15
1247   439 439 15
1248   520 520 15
1249   833 833 15
1250   23.5 11.75 15
1251   143 143 15
1252   523 523 15
1253   728 728 15
1254   839 839 15
1255   217.5 108.75 15
1256   579.5 289.75 15
1257   601.667 200.556 15
1258   795 397.5 15
1259   859 859 15
1260   220 220 15
1261   312.667 104.222 15
1262   787 393.5 15
1263   832 277.333 15
1264   554.667 184.889 15
1265   644.6 128.92 15
1266   773.5 386.75 15
1267   851.571 121.653 15
1268   859 859 15
1269   146.667 48.8889 15
1270   799 799 15
1271   232.667 77.5556 15
1272   756 756 15
1273   761 761 15
1274   820.5 410.25 15
1275   718 718 15
1276   832 832 15
1277   862 862 15
1278   551.667 183.889 23.6667
1279   606.25 151.562 15
1280   527 263.5 15
1281   650 650 15
1282   468 468 15
1283   695.333 231.778 15
1284   849.429 121.347 15
1285   861 861 15
1286   636.5 318.25 15
1287   666.5 333.25 15
1288   843.5 210.875 15
1289   57.4 11.48 16.4
1290   594 297 15
1291   749.5 374.75 15
1292   784 784 15
1293   418 418 15
1294   635 635 15
1295   845.5 422.75 15
1296   859 429.5 15
1297   396 198 15
1298   834 834 15
1299   417 417 15
1300   689.111 76.5679 15
1301   524.5 262.25 15
1302   607 607 15
1303   764.167 127.361 15
1304   842 842 15
1305   858.25 107.281 15
1306   160.167 26.6944 22.8333
1307   397.8 79.56 15
1308   475 237.5 15
1309   750.5 375.25 15
1310   827 827 15
1311   14 14 15
1312   247 61.75 15
1313   786 786 15
1314   846 846 15
1315   47 23.5 15
1316   494 494 15
1317   686 686 15
1318   187 187 15
1319   221 110.5 15
1320   362 362 15
1321   423 423 15
1322   539.667 179.889 15
1323   649 649 15
1324   825.5 206.375 15
1325   837.571 119.653 15
1326   843.25 210.812 15
1327   848 141.333 15
1328   820 820 15
1329   791.5 395.75 15
1330   350 350 15
1331   836.5 209.125 15
1332   201 100.5 15
1333   389 389 15
1334   608 608 15
1335   314.5 78.625 15
1336   359 359 15
1337   556 556 15
1338   638.5 319.25 15
1339   685 685 15
1340   726 726 15
1341   809.5 404.75 15
1342   138 138 15
1343   569 284.5 15
1344   654 654 15
1345   656 656 15
1346   701 701 15
1347   848 424 15
1348   392 392 15
1349   851.571 121.653 15
1350   458 458 15
1351   491 491 15
1352   681 340.5 15
1353   730 182.5 15
1354   763 381.5 15
1355   789 789 15
1356   93 93 15
1357   393 196.5 15
1358   647.333 215.778 15
1359   798.5 199.625 15
1360   846.5 423.25 15
1361   430.917 35.9097 27.25
1362   437 437 15
1363   574 574 15
1364   854 854 15
1365   288.667 96.2222 15
1366   509 509 15
1367   682.5 341.25 15
1368   817 817 15
1369   836.5 209.125 15
1370   320 320 15
1371   630 630 15
1372   717 717 15
1373   762.667 254.222 15
1374   769.667 256.556 15
1375   788.333 262.778 15
1376   803.75 200.938 15
1377   813.25 203.312 15
1378   850.667 283.556 15
1379   128 128 15
1380   751 751 15
1381   807.5 403.75 15
1382   818 818 15
1383   350.5 175.25 15
1384   477 477 15
1385   776.5 388.25 15
1386   782 782 15
1387   836.933 55.7956 15
1388   852.667 284.222 15
1389   114.25 28.5625 18.5
1390   442 442 15
1391   452 452 15
1392   782.5 195.625 15
1393   854 213.5 15
1394   860.25 215.062 15
1395   571.667 190.556 15
1396   649.333 216.444 15
1397   825.667 275.222 15
1398   847.25 211.812 15
1399   770 770 15
1400   531 265.5 15
1401   682 682 15
1402   796 796 15
1403   834.5 417.25 15
1404   167 83.5 15
1405   417 417 15
1406   840 840 15
1407   588 588 15
1408   741 370.5 15
1409   810 810 15
1410   818 818 15
1411   832 832 15
1412   579 579 15
1413   719 239.667 15
1414   812 812 15
1415   846 423 15
1416   482 482 15
1417   584.4 116.88 16.4
1418   835 417.5 15
1419   471 471 15
1420   806 806 15
1421   654.25 163.562 25.75
1422   777.5 388.75 15
1423   553 184.333 15
1424   600 600 15
1425   843.667 281.222 15
1426   849 212.25 15
1427   454 454 15
1428   824 824 15
1429   92 92 15
1430   261 261 15
1431   326.5 163.25 15
1432   842.4 168.48 15
1433   66.5 33.25 15
1434   529.667 176.556 15
1435   588.5 294.25 15
1436   347.5 173.75 15
1437   706.5 353.25 15
1438   719.667 239.889 15
1439   753 753 15
1440   830.222 92.2469 15
1441   385.5 192.75 15
1442   740 740 15
1443   67.5 33.75 15
1444   779.5 389.75 15
1445   823 164.6 15
1446   844.5 422.25 15
1447   849 849 15
1448   769 769 15
1449   258 258 15
1450   278.5 139.25 15
1451   397 397 15
1452   617.667 205.889 15
1453   850 850 15
1454   243.333 81.1111 15
1455   816 816 15
1456   833.75 104.219 15
1457   49.3333 16.4444 15
1458   575 575 15
1459   666.333 222.111 15
1460   703 703 15
1461   623 623 15
1462   852.8 170.56 15
1463   627 627 15
1464   694.5 347.25 15
1465   710.5 177.625 15
1466   732 732 15
1467   781.5 390.75 15
1468   824 412 15
1469   139.333 46.4444 15
1470   763 763 15
1471   837 837 15
1472   399.667 133.222 15
1473   624.667 208.222 15
1474   861.5 143.583 15
1475   393 393 15
1476   563 563 15
1477   698 698 15
1478   839.5 419.75 15
1479   77 77 15
1480   267.5 133.75 15
1481   426 426 15
1482   448.333 149.444 15
1483   799 799 15
1484   803 803 15
1485   844 844 15
1486   850.25 212.562 15
1487   12.5 6.25 15
1488   817 817 15
1489   774 774 15
1490   776 776 15
1491   18.5 9.25 15
1492   41 41 15
1493   51.5 25.75 15
1494   759.333 253.111 15
1495   835 92.7778 16.5556
1496   668 668 15
1497   734.25 183.562 15
1498   762.5 381.25 15
1499   576 144 15
1500   611.5 152.875 15
1501   660.667 220.222 15
1502   828.111 92.0123 15
1503   489 489 15
1504   753.667 251.222 15
1505   821 821 15
1506   859.667 286.556 15
1507   607 607 15
1508   784 784 15
1509   842 842 15
1510   846 846 15
1511   848.143 60.5816 15
1512   500.875 62.6094 15
1513   657.333 219.111 15
1514   685 685 15
1515   732 732 15
1516   61.5 30.75 15
1517   714.5 178.625 15
1518   779.5 389.75 15
1519   860.667 286.889 15
1520   26 26 15
1521   136 136 15
1522   477 477 15
1523   578 578 15
1524   700 700 15
1525   832 277.333 15
1526   838 838 15
1527   854.857 122.122 15
1528   452 452 15
1529   763.333 254.444 15
1530   581.5 290.75 15
1531   39 39 15
1532   353 353 15
1533   417 417 15
1534   799 799 15
1535   254 254 15
1536   650.25 162.562 18.5
1537   645.5 322.75 15
1538   18.5 9.25 15
1539   693.5 346.75 15
1540   849.167 141.528 15
1541   174 58 17.3333
1542   662 662 15
1543   837.667 279.222 15
1544   359.5 179.75 15
1545   722.333 240.778 15
1546   831.333 277.111 15
1547   126 126 15
1548   446 446 15
1549   252 252 15
1550   477 477 15
1551   737 737 15
1552   784.5 196.125 15
1553   816.5 204.125 15
1554   375.2 75.04 15
1555   546.333 182.111 15
1556   775.333 258.444 15
1557   853 853 15
1558   259.5 129.75 15
1559   821 821 15
1560   835 835 15
1561   846.75 211.688 15
1562   858.25 71.5208 15
1563   37.3333 12.4444 15
1564   515 515 15
1565   826 413 15
1566   457 457 15
1567   2 2 15
1568   788.8 157.76 15
1569   796.5 199.125 15
1570   833.5 416.75 15
1571   838.333 279.444 15
1572   844.667 140.778 15
1573   636 318 15
1574   377.5 94.375 15
1575   758 758 15
1576   810 810 15
1577   5 5 15
1578   677 677 15
1579   803 803 15
1580   708 708 15
1581   859 859 15
1582   529.5 264.75 15
1583   679 679 15
1584   764.333 254.778 15
1585   809.5 202.375 15
1586   263 131.5 18.5
1587   768.667 256.222 15
1588   733 733 15
1589   824 824 15
1590   837.571 119.653 15
1591   267 133.5 15
1592   745.667 248.556 15
1593   807.429 115.347 15
1594   244 244 15
1595   328.333 109.444 15
1596   822 822 15
1597   831 831 15
1598   851 851 15
1599   698.5 349.25 15
1600   342 342 15
1601   703 703 15
1602   846.333 282.111 15
1603   524 524 15
1604   671.5 335.75 15
1605   850 850 15
1606   632.5 316.25 15
1607   501.333 167.111 15
1608   522 522 15
1609   778 778 15
1610   820 820 15
1611   290 290 15
1612   439 109.75 15
1613   546.5 273.25 15
1614   858.5 214.625 18.5
1615   838 838 15
1616   22 22 15
1617   853 284.333 15
1618   845.25 211.312 15
1619   366 122 17.3333
1620   799.333 266.444 15
1621   339 339 15
1622   371 371 15
1623   668.5 167.125 15
1624   820 820 15
1625   842.5 421.25 15
1626   236 236 15
1627   553 553 15
1628   18 18 15
1629   162 162 15
1630   345 345 15
1631   853.5 426.75 15
1632   242 121 15
1633   311 77.75 15
1634   509.5 254.75 15
1635   740.5 370.25 15
1636   804 201 15
1637   849 849 15
1638   392 392 15
1639   19 9.5 15
1640   261 261 15
1641   428.5 214.25 15
1642   512 128 15
1643   759 759 15
1644   843.333 281.111 15
1645   848.467 56.5644 15
1646   274 274 15
1647   466.333 155.444 15
1648   532 532 15
1649   716 716 15
1650   861 861 15
1651   132 132 15
1652   319 319 15
1653   736 736 15
1654   290 290 15
1655   438 438 15
1656   101 101 15
1657   515 515 15
1658   577 577 15
1659   606.5 303.25 15
1660   785.8 157.16 15
1661   804 804 15
1662   858.7 85.87 15
1663   65.6667 21.8889 15
1664   149 149 15
1665   442.5 221.25 15
1666   633 211 15
1667   727.5 363.75 15
1668   781.5 195.375 15
1669   570 570 15
1670   668 668 15
1671   701 701 15
1672   844 422 15
1673   466.667 155.556 15
1674   59 59 15
1675   525 525 15
1676   851.3 85.13 15
1677   302 302 15
1678   495 165 15
1679   791 791 15
1680   800 800 15
1681   59 59 15
1682   773.5 386.75 15
1683   723 723 15
1684   847.5 423.75 15
1685   83 83 15
1686   258 258 15
1687   405 405 15
1688   575 575 15
1689   749.8 149.96 15
1690   12.3333 4.11111 15
1691   678.5 169.625 15
1692   777 97.125 15.875
1693   835.5 208.875 15
1694   193 193 15
1695   845 845 15
1696   33.6667 11.2222 15
1697   287.667 95.8889 15
1698   604 604 15
1699   767 255.667 15
1700   803.667 267.889 15
1701   843 843 15
1702   276 276 15
1703   861 123 15
1704   20 20 15
1705   803.625 100.453 15.875
1706   838.923 64.5325 15
1707   136 136 15
1708   286.5 143.25 15
1709   751.111 83.4568 15
1710   812.067 54.1378 16.8667
1711   851 851 15
1712   585 585 15
1713   624 124.8 15
1714   742 742 15
1715   849.4 56.6267 15
1716   549 549 15
1717   9 9 15
1718   158 158 15
1719   789 157.8 15
1720   485 242.5 15
1721   685.5 342.75 15
1722   770 770 15
1723   820 410 15
1724   861 861 15
1725   104.5 52.25 15
1726   339 339 15
1727   395.333 131.778 15
1728   458.5 114.625 15
1729   835.25 104.406 15
1730   749 374.5 15
1731   831 831 15
1732   695.333 231.778 15
1733   817 408.5 15
1734   427 106.75 15
1735   825.333 275.111 15
1736   842.167 140.361 15
1737   857.333 142.889 15
1738   138.5 69.25 15
1739   574.5 287.25 15
1740   669 334.5 15
1741   687 687 15
1742   854 854 15
1743   58.5 14.625 15
1744   777 777 15
1745   2 1 15
1746   269 269 15
1747   436.667 145.556 15
1748   458 152.667 15
1749   634 634 15
1750   55 55 15
1751   135 33.75 15
1752   799 799 15
1753   507 507 15
1754   528 264 15
1755   540 540 15
1756   612 612 15
1757   713.333 118.889 20.1667
1758   822 411 15
1759   848 848 15
1760   374 374 15
1761   573.5 286.75 15
1762   628 628 15
1763   622 124.4 15
1764   670 670 15
1765   708 708 15
1766   484.5 121.125 15
1767   776 776 15
1768   858.2 171.64 15
1769   791 791 15
1770   832.5 208.125 15
1771   126 126 15
1772   569.5 142.375 15
1773   641 320.5 15
1774   721 721 15
1775   742 371 15
1776   794.667 264.889 15
1777   5 5 15
1778   57 57 15
1779   102.667 34.2222 15
1780   244 244 15
1781   403.667 134.556 15
1782   609 609 15
1783   725 725 15
1784   738 147.6 15
1785   858.333 286.111 15
1786   613 613 15
1787   634 634 15
1788   751.5 375.75 15
1789   836.5 418.25 15
1790   844.5 422.25 15
1791   1.5 0.75 15
1792   687 343.5 15
1793   700 350 15
1794   768 768 15
1795   816.4 163.28 15
1796   847 847 15
1797   390 390 15
1798   511.2 102.24 15
1799   691.5 345.75 15
1800   722 722 15
1801   852 852 15
1802   425 425 15
1803   743 743 15
1804   421 421 15
1805   581.333 193.778 15
1806   789 789 15
1807   404 404 15
1808   698.667 232.889 15
1809   718 718 15
1810   795 795 15
1811   832.75 208.188 15
1812   841 841 15
1813   861 143.5 15
1814   366 366 15
1815   723 723 15
1816   856 856 15
1817   639 639 15
1818   164.932 2.25934 24.9589
1819   168 168 15
1820   719 359.5 15
1821   825 825 15
1822   707 707 15
1823   778.5 194.625 15
1824   130.333 43.4444 15
1825   383.333 127.778 15
1826   795.667 265.222 15
1827   623.5 155.875 15
1828   723 241 19.6667
1829   202 202 15
1830   496 496 15
1831   668 668 15
1832   829 829 15
1833   731.5 182.875 15
1834   317.667 105.889 15
1835   785.5 392.75 15
1836   800.4 160.08 15
1837   810.4 162.08 15
1838   575.333 191.778 15
1839   672 672 15
1840   847.5 211.875 15
1841   861 215.25 15
1842   150.812 9.42578 39.375
1843   668.5 167.125 15
1844   702.5 351.25 15
1845   765.5 191.375 15
1846   608 608 15
1847   755 755 15
1848   773 773 15
1849   821 821 15
1850   159 159 15
1851   221 221 15
1852   637.667 212.556 15
1853   747 747 15
1854   779 194.75 15
1855   856.5 214.125 15
1856   741 741 15
1857   19 9.5 15
1858   694 694 15
1859   818 818 15
1860   830 138.333 15
1861   12 12 15
1862   171 171 15
1863   174.5 87.25 15
1864   425.667 141.889 15
1865   143.5 71.75 15
1866   668 83.5 15
1867   854.667 142.444 15
1868   487 487 15
1869   516.8 103.36 15
1870   735 735 15
1871   173.5 86.75 15
1872   371 371 15
1873   482 482 15
1874   586 293 15
1875   608 304 15
1876   849.5 212.375 15
1877   413 413 15
1878   527 263.5 15
1879   766 191.5 15
1880   812 406 15
1881   228.333 76.1111 15
1882   306.5 153.25 15
1883   359.667 119.889 15
1884   464.667 154.889 15
1885   675.5 337.75 15
1886   804 804 15
1887   823 823 15
1888   845.75 52.8594 15
1889   857.688 53.6055 15
1890   493 493 15
1891   550.333 183.444 15
1892   654 654 15
1893   784.5 392.25 15
1894   799.5 399.75 15
1895   21.3333 7.11111 15
1896   127 31.75 15
1897   165 165 15
1898   206 103 15
1899   424 424 15
1900   456 456 15
1901   620 620 15
1902   630.556 70.0617 15
1903   795 795 15
1904   807.25 201.812 16.75
1905   813.333 271.111 15
1906   51.6667 17.2222 17.3333
1907   65 65 15
1908   94.5 23.625 15
1909   193 96.5 15
1910   260.667 86.8889 15
1911   529 529 15
1912   561 140.25 15
1913   604 302 15
1914   617 617 15
1915   693 693 15
1916   726.667 242.222 15
1917   768.333 128.056 15
1918   829.333 276.444 15
1919   110.333 36.7778 15
1920   636.8 127.36 15
1921   748 748 15
1922   781.5 195.375 15
1923   665 665 15
1924   199 199 15
1925   858 858 15
1926   860 860 15
1927   31.5 15.75 15
1928   240.5 60.125 15
1929   489 489 15
1930   784 784 15
1931   821 821 15
1932   318 318 15
1933   611 611 15
1934   706.667 235.556 15
1935   5 5 15
1936   12 12 15
1937   560 560 15
1938   627 104.5 15
1939   686 686 15
1940   788 197 15
1941   2.5 0.625 15
1942   402 134 15
1943   512 170.667 15
1944   733 733 15
1945   743.5 371.75 15
1946   751.333 250.444 15
1947   772.2 154.44 15
1948   280 140 15
1949   417 417 15
1950   506.8 101.36 15
1951   551 551 15
1952   589 589 15
1953   592.8 118.56 15
1954   685 685 15
1955   818 409 15
1956   843 843 15
1957   11 2.75 15
1958   413 413 15
1959   440 220 15
1960   476 476 15
1961   500 500 15
1962   535 535 15
1963   577.333 192.444 15
1964   833 833 15
1965   846.25 211.562 15
1966   860.5 430.25 15
1967   369.5 184.75 15
1968   460 115 15
1969   756.8 151.36 15
1970   775.5 387.75 15
1971   781.4 156.28 15
1972   814 814 15
1973   857.333 285.778 15
1974   116 116 15
1975   528 528 15
1976   697 139.4 15
1977   721 721 15
1978   750 150 17.8
1979   778 778 15
1980   819.8 81.98 15
1981   163 54.3333 15
1982   317 317 15
1983   843.5 140.583 15
1984   53 53 15
1985   458 458 15
1986   715.333 238.444 15
1987   723.333 241.111 15
1988   728.6 145.72 15
1989   854.667 284.889 15
1990   2.5 0.625 15
1991   304.2 60.84 15
1992   500.5 250.25 15
1993   597 597 15
1994   686.5 343.25 15
1995   762 152.4 15
1996   206.25 51.5625 15
1997   432.667 144.222 15
1998   510 510 15
1999   537 537 15
2000   665.25 166.312 15
2001   699.2 139.84 15
2002   19.5 9.75 15
2003   134 134 15
2004   160.5 40.125 15
2005   449 449 15
2006   478.333 159.444 15
2007   630 315 15
2008   634 634 15
2009   694 694 15
2010   805.5 402.75 15
2011   844 844 15
2012   854.75 213.688 15
2013   126.667 42.2222 15
2014   183.5 91.75 15
2015   235 117.5 15
2016   435.667 145.222 15
2017   516.333 172.111 15
2018   548 548 15
2019   587 587 15
2020   720 720 15
2021   750 750 15
2022   789.5 394.75 15
2023   799.2 159.84 15
2024   821 410.5 15
2025   831.44 33.2576 15.28
2026   848.375 53.0234 16.3125
2027   218 218 15
2028   256 256 15
2029   376 125.333 15
2030   550 550 15
2031   604 604 15
2032   754 377 15
2033   761 190.25 15
2034   768.25 192.062 15
2035   814.4 81.44 15
2036   827.556 91.9506 15
2037   860.5 430.25 15
2038   592 592 15
2039   734 734 15
2040   793 793 15
2041   795.286 113.612 15
2042   6 6 15
2043   26.6667 8.88889 15
2044   174 174 15
2045   210 105 15
2046   252 252 15
2047   311.333 103.778 15
2048   330 330 15
2049   381.667 127.222 15
2050   518 259 15
2051   536.5 268.25 15
2052   620 124 15
2053   635.5 317.75 15
2054   639.833 106.639 15
2055   675 675 15
2056   703.333 234.444 15
2057   730 730 15
2058   750 750 15
2059   823 102.875 15
2060   24 24 15
2061   67 22.3333 15
2062   78 78 15
2063   196 196 15
2064   229 229 15
2065   550 550 15
2066   573 573 15
2067   626.25 156.562 15
2068   649 649 15
2069   673 673 15
2070   740.833 123.472 15
2071   775.167 129.194 15
2072   800.2 160.04 15
2073   805.25 201.312 15
2074   843.3 84.33 15
2075   852.5 213.125 15
2076   857.857 122.551 17
2077   149 149 15
2078   530.5 265.25 15
2079   684 85.5 15
2080   4 4 15
2081   27 13.5 15
2082   107.5 53.75 15
2083   261.75 65.4375 15
2084   570 285 15
2085   593 593 15
2086   680 680 15
2087   58.8462 4.52663 27.9231
2088   152 152 15
2089   201.6 40.32 15
2090   278 278 15
2091   282.8 56.56 15
2092   603 120.6 15
2093   620 620 15
2094   839 104.875 15
2095   850.625 35.4427 15.5833
2096   111 55.5 15
2097   269 269 15
2098   299 99.6667 15
2099   401.333 133.778 15
2100   544 544 15
2101   704.125 88.0156 15
2102   717 717 15
2103   720 720 15
2104   724.333 241.444 15
2105   774 387 15
2106   778.667 259.556 15
2107   805 805 15
2108   820 164 15
2109   190.667 63.5556 17.3333
2110   259.5 129.75 15
2111   290.2 58.04 15
2112   333.833 55.6389 15
2113   393 393 15
2114   443 49.2222 15
2115   458.5 229.25 15
2116   463.5 231.75 15
2117   515.111 57.2346 15.7778
2118   520 520 15
2119   562.333 187.444 15
2120   577.167 96.1944 15
2121   639.2 127.84 15
2122   748.667 249.556 15
2123   753.667 251.222 15
2124   767.2 153.44 15
2125   815.364 74.124 15.6364
2126   861.6 172.32 15
2127   11.2 2.24 15
2128   28 28 15
2129   37 37 15
2130   107 107 15
2131   196.333 65.4444 15
2132   253 253 15
2133   268 268 15
2134   303 50.5 15
2135   367 367 15
2136   397.667 132.556 15
2137   494.5 123.625 15
2138   499.5 124.875 15
2139   542 542 15
2140   558 558 15
2141   633 633 15
2142   648.667 216.222 15
2143   743 743 15
2144   762.5 381.25 15
2145   797.2 159.44 16.4
2146   811 811 15
2147   844.667 281.556 15
2148   7 1.75 15
2149   351 351 15
2150   373 373 15
2151   549 549 15
2152   553 553 15
2153   697.714 99.6735 15
2154   772.5 386.25 15
2155   835 835 15
2156   856.5 214.125 15
2157   329 329 15
2158   512 512 15
2159   551 551 15
2160   588.5 294.25 15
2161   690 690 15
2162   nan nan nan
